1 - 0 - 0
(0 - 0){3472, -486080, -505176, -2534.560059, -72261, -1388.800049, -1822.800049, -0.000000, -72044, -15841, 0, -42098,  0,  0,  0,  0,  0,  0}
(0 - 1){3472, -486080, -505176, -2534.560059, -72261, -1388.800049, -1822.800049, -0.000000, -72044, -15841, 0, -42098,  0,  0,  0,  0,  0,  0}
(0 - 2){434, -868000, -501270, -3960.250000, -22568, -11457.600586, -5989.200195, -0.000000, -54033, -15841, 0, -45570,  0,  0,  0,  0,  0,  0}
(4 - 2){217, 0, 0, -0.000000, 0, -0.000000, -0.000000, -0.000000, 0, 15841, 0, 0,  0,  0,  0,  0,  0,  0}
(5 - 0){217, 0, 0, -0.000000, 0, -0.000000, -0.000000, -0.000000, 0, 15841, 0, 0,  0,  0,  0,  0,  0,  0}
(5 - 7){217, 0, 0, -0.000000, 0, -0.000000, -0.000000, -0.000000, 0, 15841, 0, 0,  0,  0,  0,  0,  0,  0}
(6 - 0){217, 0, 0, -0.000000, 0, -0.000000, -0.000000, -0.000000, 0, 15841, 0, 0,  0,  0,  0,  0,  0,  0}
(6 - 3){217, 0, 0, -0.000000, 0, -0.000000, -0.000000, -0.000000, 0, 15841, 0, 0,  0,  0,  0,  0,  0,  0}
(7 - 10){217, 0, 0, -0.000000, 0, -0.000000, -0.000000, -0.000000, 0, 15841, 0, 0,  0,  0,  0,  0,  0,  0}
(10 - 0){3472, -486080, -505176, -2534.560059, -72261, -1388.800049, -1822.800049, -0.000000, -72044, 0, 0, 0,  0,  0,  0,  0,  0,  0}
(10 - 1){3472, -486080, -505176, -2534.560059, -72261, -1388.800049, -1822.800049, -0.000000, -72044, 0, 0, 0,  0,  0,  0,  0,  0,  0}
(10 - 2){434, -868000, -501270, -3960.250000, -22568, -11457.600586, -5989.200195, -0.000000, -54033, 0, 0, 0,  0,  0,  0,  0,  0,  0}
